# VERA Core Physics Benchmark Problem 2 reference pin powers (CASL-U-2012-0131-004,
# Appendix B, ENDF/B-VII CE KENO-VI results -- the same dataset Table P2-5's reference
# eigenvalues come from). 17x17, core-average-normalized (mean of the 264 fuel positions
# = 1.0), row/col layout matches FA_cell_names_1_family.csv exactly (validated: zero
# position mismatches against the CSV's fuel/non-fuel labels for all 17 cases). Zero at
# every non-fuel (guide tube/instrument tube/water/poison rod) position.
0.94225 1.03064 1.03611 1.03247 0.94726 1.02882 1.03338 0.94316 1.00786 0.94316 1.03338 1.02882 0.94726 1.03247 1.03611 1.03064 0.94225
1.03064 1.01515 0.94407 1.01698 1.01698 0.97916 1.02973 1.01925 0.97278 1.01925 1.02973 0.97916 1.01698 1.01698 0.94407 1.01515 1.03064
1.03611 0.94407 1.00422 0.96594 0.96959 0.00000 0.97779 0.97688 0.00000 0.97688 0.97779 0.00000 0.96959 0.96594 1.00422 0.94407 1.03611
1.03247 1.01698 0.96594 0.00000 0.96959 0.97141 1.03429 1.03611 0.98144 1.03611 1.03429 0.97141 0.96959 0.00000 0.96594 1.01698 1.03247
0.94726 1.01698 0.96959 0.96959 1.02062 0.97597 1.03611 1.03702 0.98280 1.03702 1.03611 0.97597 1.02062 0.96959 0.96959 1.01698 0.94726
1.02882 0.97916 0.00000 0.97141 0.97597 0.00000 0.98235 0.98326 0.00000 0.98326 0.98235 0.00000 0.97597 0.97141 0.00000 0.97916 1.02882
1.03338 1.02973 0.97779 1.03429 1.03611 0.98235 1.03885 1.03930 0.98463 1.03930 1.03885 0.98235 1.03611 1.03429 0.97779 1.02973 1.03338
0.94316 1.01925 0.97688 1.03611 1.03702 0.98326 1.03930 1.03885 0.98326 1.03885 1.03930 0.98326 1.03702 1.03611 0.97688 1.01925 0.94316
1.00786 0.97278 0.00000 0.98144 0.98280 0.00000 0.98463 0.98326 0.00000 0.98326 0.98463 0.00000 0.98280 0.98144 0.00000 0.97278 1.00786
0.94316 1.01925 0.97688 1.03611 1.03702 0.98326 1.03930 1.03885 0.98326 1.03885 1.03930 0.98326 1.03702 1.03611 0.97688 1.01925 0.94316
1.03338 1.02973 0.97779 1.03429 1.03611 0.98235 1.03885 1.03930 0.98463 1.03930 1.03885 0.98235 1.03611 1.03429 0.97779 1.02973 1.03338
1.02882 0.97916 0.00000 0.97141 0.97597 0.00000 0.98235 0.98326 0.00000 0.98326 0.98235 0.00000 0.97597 0.97141 0.00000 0.97916 1.02882
0.94726 1.01698 0.96959 0.96959 1.02062 0.97597 1.03611 1.03702 0.98280 1.03702 1.03611 0.97597 1.02062 0.96959 0.96959 1.01698 0.94726
1.03247 1.01698 0.96594 0.00000 0.96959 0.97141 1.03429 1.03611 0.98144 1.03611 1.03429 0.97141 0.96959 0.00000 0.96594 1.01698 1.03247
1.03611 0.94407 1.00422 0.96594 0.96959 0.00000 0.97779 0.97688 0.00000 0.97688 0.97779 0.00000 0.96959 0.96594 1.00422 0.94407 1.03611
1.03064 1.01515 0.94407 1.01698 1.01698 0.97916 1.02973 1.01925 0.97278 1.01925 1.02973 0.97916 1.01698 1.01698 0.94407 1.01515 1.03064
0.94225 1.03064 1.03611 1.03247 0.94726 1.02882 1.03338 0.94316 1.00786 0.94316 1.03338 1.02882 0.94726 1.03247 1.03611 1.03064 0.94225
