9.474881152040938170e-01 9.426139416223643375e-01 9.473395466238845319e-01 9.565949219853974173e-01 9.660341158387416582e-01 9.752521638354030298e-01 9.736936138149326903e-01 9.742376019808488552e-01 9.782150605424539958e-01 9.742376019808488552e-01 9.736936138149326903e-01 9.752521638354030298e-01 9.660341158387416582e-01 9.565949219853974173e-01 9.473395466238845319e-01 9.426139416223643375e-01 9.474881152040938170e-01
9.426137249585042621e-01 9.404413995216206468e-01 9.498029604047232288e-01 9.657878491406006738e-01 9.836681578933751391e-01 1.010104263159271376e+00 9.889278742657234833e-01 9.890106658374911985e-01 1.010966581347954252e+00 9.890106658374911985e-01 9.889278742657234833e-01 1.010104263159271376e+00 9.836681578933751391e-01 9.657878491406006738e-01 9.498029604047232288e-01 9.404413995216206468e-01 9.426137249585042621e-01
9.473388741743519192e-01 9.498024886252074417e-01 9.741037709204989348e-01 1.014836045565508105e+00 1.032724112854360721e+00 0.000000000000000000e+00 1.025886236332098411e+00 1.024584249570242189e+00 0.000000000000000000e+00 1.024584249570242189e+00 1.025886236332098411e+00 0.000000000000000000e+00 1.032724112854360721e+00 1.014836045565508105e+00 9.741037709204989348e-01 9.498024886252074417e-01 9.473388741743519192e-01
9.565935180089486511e-01 9.657866229697651406e-01 1.014835360031168365e+00 0.000000000000000000e+00 1.047309575460922737e+00 1.042370504178062873e+00 1.009751300378746608e+00 1.006941504093916251e+00 1.030915741360459714e+00 1.006941504093916251e+00 1.009751300378746608e+00 1.042370504178062873e+00 1.047309575460922737e+00 0.000000000000000000e+00 1.014835360031168365e+00 9.657866229697651406e-01 9.565935180089486511e-01
9.660324876493334711e-01 9.836667222868811233e-01 1.032723345707199147e+00 1.047310100198222349e+00 1.030731848557571606e+00 1.042852510811350220e+00 1.012326957621833223e+00 1.010069813623984070e+00 1.034627355438482832e+00 1.010069813623984070e+00 1.012326957621833223e+00 1.042852510811350220e+00 1.030731848557571606e+00 1.047310100198222349e+00 1.032723345707199147e+00 9.836667222868811233e-01 9.660324876493334711e-01
9.752502508851883523e-01 1.010102390405822392e+00 0.000000000000000000e+00 1.042370670650895503e+00 1.042852141291250145e+00 0.000000000000000000e+00 1.037732992393737508e+00 1.036324990608304297e+00 0.000000000000000000e+00 1.036324990608304297e+00 1.037732992393737508e+00 0.000000000000000000e+00 1.042852141291250145e+00 1.042370670650895503e+00 0.000000000000000000e+00 1.010102390405822392e+00 9.752502508851883523e-01
9.736912196232753169e-01 9.889255443414763924e-01 1.025884451218506577e+00 1.009750567760883566e+00 1.012325423805475300e+00 1.037731887639089301e+00 1.012243838443080524e+00 1.011629523779928874e+00 1.036310397556527985e+00 1.011629523779928874e+00 1.012243838443080524e+00 1.037731887639089301e+00 1.012325423805475300e+00 1.009750567760883566e+00 1.025884451218506577e+00 9.889255443414763924e-01 9.736912196232753169e-01
9.742350469296646720e-01 9.890081470039602252e-01 1.024582158808620358e+00 1.006940342582747450e+00 1.010067685597176634e+00 1.036323127413002254e+00 1.011628776583345379e+00 1.011343047415065532e+00 1.035837468564227315e+00 1.011343047415065532e+00 1.011628776583345379e+00 1.036323127413002254e+00 1.010067685597176634e+00 1.006940342582747450e+00 1.024582158808620358e+00 9.890081470039602252e-01 9.742350469296646720e-01
9.782123509738609446e-01 1.010963655852893384e+00 0.000000000000000000e+00 1.030914218357609657e+00 1.034624772188858621e+00 0.000000000000000000e+00 1.036309137590227136e+00 1.035837078451167237e+00 0.000000000000000000e+00 1.035837078451167237e+00 1.036309137590227136e+00 0.000000000000000000e+00 1.034624772188858621e+00 1.030914218357609657e+00 0.000000000000000000e+00 1.010963655852893384e+00 9.782123509738609446e-01
9.742350469296646720e-01 9.890081470039602252e-01 1.024582158808620358e+00 1.006940342582747450e+00 1.010067685597176634e+00 1.036323127413002254e+00 1.011628776583345379e+00 1.011343047415065532e+00 1.035837468564227315e+00 1.011343047415065532e+00 1.011628776583345379e+00 1.036323127413002254e+00 1.010067685597176634e+00 1.006940342582747450e+00 1.024582158808620358e+00 9.890081470039602252e-01 9.742350469296646720e-01
9.736912196232753169e-01 9.889255443414763924e-01 1.025884451218506577e+00 1.009750567760883566e+00 1.012325423805475300e+00 1.037731887639089301e+00 1.012243838443080524e+00 1.011629523779928874e+00 1.036310397556527985e+00 1.011629523779928874e+00 1.012243838443080524e+00 1.037731887639089301e+00 1.012325423805475300e+00 1.009750567760883566e+00 1.025884451218506577e+00 9.889255443414763924e-01 9.736912196232753169e-01
9.752502508851883523e-01 1.010102390405822392e+00 0.000000000000000000e+00 1.042370670650895503e+00 1.042852141291250145e+00 0.000000000000000000e+00 1.037732992393737508e+00 1.036324990608304297e+00 0.000000000000000000e+00 1.036324990608304297e+00 1.037732992393737508e+00 0.000000000000000000e+00 1.042852141291250145e+00 1.042370670650895503e+00 0.000000000000000000e+00 1.010102390405822392e+00 9.752502508851883523e-01
9.660324876493334711e-01 9.836667222868811233e-01 1.032723345707199147e+00 1.047310100198222349e+00 1.030731848557571606e+00 1.042852510811350220e+00 1.012326957621833223e+00 1.010069813623984070e+00 1.034627355438482832e+00 1.010069813623984070e+00 1.012326957621833223e+00 1.042852510811350220e+00 1.030731848557571606e+00 1.047310100198222349e+00 1.032723345707199147e+00 9.836667222868811233e-01 9.660324876493334711e-01
9.565935180089486511e-01 9.657866229697651406e-01 1.014835360031168365e+00 0.000000000000000000e+00 1.047309575460922737e+00 1.042370504178062873e+00 1.009751300378746608e+00 1.006941504093916251e+00 1.030915741360459714e+00 1.006941504093916251e+00 1.009751300378746608e+00 1.042370504178062873e+00 1.047309575460922737e+00 0.000000000000000000e+00 1.014835360031168365e+00 9.657866229697651406e-01 9.565935180089486511e-01
9.473388741743519192e-01 9.498024886252074417e-01 9.741037709204989348e-01 1.014836045565508105e+00 1.032724112854360721e+00 0.000000000000000000e+00 1.025886236332098411e+00 1.024584249570242189e+00 0.000000000000000000e+00 1.024584249570242189e+00 1.025886236332098411e+00 0.000000000000000000e+00 1.032724112854360721e+00 1.014836045565508105e+00 9.741037709204989348e-01 9.498024886252074417e-01 9.473388741743519192e-01
9.426137249585042621e-01 9.404413995216206468e-01 9.498029604047232288e-01 9.657878491406006738e-01 9.836681578933751391e-01 1.010104263159271376e+00 9.889278742657234833e-01 9.890106658374911985e-01 1.010966581347954252e+00 9.890106658374911985e-01 9.889278742657234833e-01 1.010104263159271376e+00 9.836681578933751391e-01 9.657878491406006738e-01 9.498029604047232288e-01 9.404413995216206468e-01 9.426137249585042621e-01
9.474881152040938170e-01 9.426139416223643375e-01 9.473395466238845319e-01 9.565949219853974173e-01 9.660341158387416582e-01 9.752521638354030298e-01 9.736936138149326903e-01 9.742376019808488552e-01 9.782150605424539958e-01 9.742376019808488552e-01 9.736936138149326903e-01 9.752521638354030298e-01 9.660341158387416582e-01 9.565949219853974173e-01 9.473395466238845319e-01 9.426139416223643375e-01 9.474881152040938170e-01
